[2022-11-15  23:27:09.514] -> [INFO] : created work directory in .work_dir/2022_11_15_23_27_09
[2022-11-15  23:27:09.516] -> [INFO] : Test starts.
[2022-11-15  23:27:18.273] -> [INFO] : Testing starts!
[2022-11-15  23:27:32.762] -> [INFO] : [[2.30738558e-02 9.72608924e-01]
 [1.64413117e-02 9.69158769e-01]
 [1.78237688e-02 9.75690782e-01]
 [1.72895677e-02 9.68104482e-01]
 [1.55857261e-02 9.73867476e-01]
 [2.58270130e-02 9.57475662e-01]
 [4.49172705e-02 9.45708752e-01]
 [3.59369703e-02 9.43218410e-01]
 [9.42431204e-03 9.82270539e-01]
 [1.36167752e-02 9.79237437e-01]
 [1.05129182e-02 9.78784740e-01]
 [1.73585601e-02 9.72440720e-01]
 [3.07462569e-02 9.51180041e-01]
 [1.43287517e-02 9.63826060e-01]
 [9.39871557e-03 9.82764006e-01]
 [1.66736618e-02 9.71110642e-01]
 [2.21450590e-02 9.64059412e-01]
 [4.32637241e-03 9.57625747e-01]
 [1.97876561e-02 9.68412161e-01]
 [1.30797625e-02 9.80068684e-01]
 [1.62456669e-02 9.72158253e-01]
 [1.99811552e-02 9.66104269e-01]
 [3.42576839e-02 9.62335050e-01]
 [5.04391082e-03 9.41875815e-01]
 [2.01026686e-02 9.77996230e-01]
 [3.37624885e-02 9.68429923e-01]
 [3.45366285e-03 9.42313194e-01]
 [2.31378581e-02 9.70233440e-01]
 [7.55852554e-03 9.82954443e-01]
 [1.31663727e-02 9.80085969e-01]
 [1.93625074e-02 9.65609610e-01]
 [2.69312542e-02 9.63318348e-01]
 [3.13066542e-02 9.43671346e-01]
 [1.27718262e-02 9.76162553e-01]
 [5.81046846e-03 9.61408138e-01]
 [2.61470638e-02 9.65284407e-01]
 [2.42463294e-02 9.67613280e-01]
 [9.16269328e-03 9.83517170e-01]
 [1.08750779e-02 9.73863065e-01]
 [7.14178756e-03 9.84951794e-01]
 [1.83174405e-02 9.67043698e-01]
 [1.35996146e-02 9.79408026e-01]
 [1.42882382e-02 9.76421952e-01]
 [3.14523615e-02 9.63912308e-01]
 [2.54337266e-02 9.63971615e-01]
 [2.02302057e-02 9.62946594e-01]
 [1.72352884e-02 9.70114946e-01]
 [1.37770046e-02 9.72955942e-01]
 [2.21338682e-02 9.79307294e-01]
 [1.63920820e-02 9.77985024e-01]
 [2.55849045e-02 9.70571637e-01]
 [1.61163360e-02 9.77477491e-01]
 [3.25117521e-02 9.33523953e-01]
 [1.44036775e-02 9.72640812e-01]
 [1.26838181e-02 9.81116772e-01]
 [1.18998010e-02 9.76890862e-01]
 [3.23136821e-02 9.66682851e-01]
 [6.66822074e-04 9.61831450e-01]
 [4.52192463e-02 9.48622584e-01]
 [9.07722395e-03 9.83723879e-01]
 [2.85037253e-02 9.66562569e-01]
 [3.76303121e-02 9.56758618e-01]
 [1.15356892e-02 9.82563794e-01]
 [2.00199615e-02 9.74028826e-01]
 [8.74907989e-03 9.82044935e-01]
 [9.08306334e-03 9.83324111e-01]
 [1.75209139e-02 9.72951293e-01]
 [1.22831576e-02 9.75922227e-01]
 [1.09534385e-02 9.82012391e-01]
 [1.35191446e-02 9.79239583e-01]
 [2.28582881e-03 9.75461841e-01]
 [1.43080968e-02 9.73938823e-01]
 [1.70195941e-02 9.75534081e-01]
 [4.74192798e-02 9.50946927e-01]
 [2.35421937e-02 9.64409471e-01]
 [2.15129387e-02 9.68873441e-01]
 [1.14703476e-02 9.82849538e-01]
 [4.85619390e-03 9.41209316e-01]
 [3.44585651e-03 9.58122551e-01]
 [9.34923720e-03 9.58312988e-01]
 [1.00564938e-02 9.80886042e-01]
 [2.29059830e-02 9.73745465e-01]
 [2.26466805e-02 9.59692538e-01]
 [1.67675018e-02 9.77073967e-01]
 [1.28691318e-02 9.78187263e-01]
 [1.66084357e-02 9.65744436e-01]
 [2.81089614e-03 9.77333307e-01]
 [1.19042434e-02 9.72257555e-01]
 [9.22444183e-03 9.80007708e-01]
 [2.03642342e-02 9.69342887e-01]
 [1.23086907e-02 9.77545917e-01]
 [2.44338010e-02 9.70613956e-01]
 [1.89209878e-02 9.69012320e-01]
 [1.18428264e-02 9.79168713e-01]
 [2.04658546e-02 9.69383001e-01]
 [2.61512212e-02 9.70328331e-01]
 [2.35169139e-02 9.68797565e-01]
 [4.96682897e-03 9.50375378e-01]
 [1.24461418e-02 9.73356009e-01]
 [2.27189958e-02 9.70094085e-01]
 [2.10962798e-02 9.73647475e-01]
 [1.02878790e-02 9.80168343e-01]
 [1.66106950e-02 9.73774314e-01]
 [2.05261875e-02 9.75479543e-01]
 [1.57842580e-02 9.70574141e-01]
 [1.23260366e-02 9.75146055e-01]
 [1.30319484e-02 9.70378101e-01]
 [1.35150561e-02 9.79150534e-01]
 [1.03510860e-02 9.81091022e-01]
 [1.75205115e-02 9.80745077e-01]
 [1.66375339e-02 9.68441904e-01]
 [2.06782259e-02 9.72417235e-01]
 [1.38055412e-02 9.80970681e-01]
 [1.58727877e-02 9.73000169e-01]
 [3.64451408e-02 9.47461903e-01]
 [1.44560970e-02 9.76515412e-01]
 [1.63251814e-02 9.72308934e-01]
 [1.78092699e-02 9.72533345e-01]
 [1.33355148e-02 9.77831483e-01]
 [3.54159102e-02 9.53072190e-01]
 [1.77486893e-02 9.71808791e-01]
 [3.84939723e-02 9.26260114e-01]
 [1.68427583e-02 9.67122734e-01]
 [2.78053973e-02 9.58152711e-01]
 [1.92800257e-02 9.74071801e-01]
 [3.14656608e-02 9.63476241e-01]
 [9.26151406e-03 9.87532794e-01]
 [1.17161097e-02 9.80591476e-01]
 [1.41510172e-02 9.73430932e-01]
 [4.04039212e-02 9.47130203e-01]
 [1.76787805e-02 9.76048946e-01]
 [2.39823312e-02 9.71871436e-01]
 [1.77084412e-02 9.77476239e-01]
 [1.70888100e-02 9.70953465e-01]
 [4.88537829e-03 9.31067050e-01]
 [1.31948851e-02 9.77443278e-01]
 [1.49008548e-02 9.74740863e-01]
 [2.43705083e-02 9.65538621e-01]
 [9.93937440e-03 9.82318819e-01]
 [2.25907173e-02 9.59522605e-01]
 [1.90940369e-02 9.73173559e-01]
 [1.92561653e-02 9.68860149e-01]
 [4.64906469e-02 9.53646004e-01]
 [3.80488522e-02 9.59219515e-01]
 [2.94439569e-02 9.72228587e-01]
 [2.94028292e-03 9.72046435e-01]
 [2.71086935e-02 9.67060447e-01]
 [1.89215411e-02 9.68384802e-01]
 [1.50222173e-02 9.71672595e-01]
 [2.24483982e-02 9.62726533e-01]
 [2.73090620e-02 9.70593870e-01]
 [1.62384082e-02 9.74481225e-01]
 [1.04612494e-02 9.80661392e-01]
 [1.69736594e-02 9.76028323e-01]
 [1.44075919e-02 9.70142543e-01]
 [1.33951297e-02 9.75814760e-01]
 [1.77331101e-02 9.64386284e-01]
 [3.14911753e-02 9.55279052e-01]
 [1.12745492e-02 9.80707169e-01]
 [1.54163362e-02 9.71458137e-01]
 [2.07226630e-02 9.75642025e-01]
 [2.33287960e-02 9.66804981e-01]
 [1.97117236e-02 9.64951813e-01]
 [2.21795328e-02 9.69367623e-01]
 [1.20442947e-02 9.79863107e-01]
 [1.29283750e-02 9.82843876e-01]
 [2.55732853e-02 9.71049726e-01]
 [4.15849797e-02 9.56986010e-01]
 [4.80535859e-03 9.90311265e-01]
 [1.44213494e-02 9.75989819e-01]
 [1.05677014e-02 9.80903447e-01]
 [2.17230227e-02 9.75066781e-01]
 [1.53753804e-02 9.72636998e-01]
 [8.06172844e-03 9.83858287e-01]
 [4.54541063e-03 9.75748241e-01]
 [1.11899329e-02 9.82236385e-01]
 [4.08684388e-02 9.63519633e-01]
 [9.93965100e-03 9.82909977e-01]
 [1.00670652e-02 9.78395104e-01]
 [3.01400162e-02 9.58087862e-01]
 [2.51994710e-02 9.77132142e-01]
 [3.15926746e-02 9.56441522e-01]
 [1.07279988e-02 9.81955230e-01]
 [1.80512350e-02 9.75292981e-01]
 [3.28194089e-02 9.62698936e-01]
 [1.43447081e-02 9.72411633e-01]
 [3.67738344e-02 9.54496324e-01]
 [2.21822876e-02 9.74717498e-01]
 [3.10175437e-02 9.65034068e-01]
 [1.07224332e-02 9.85417843e-01]
 [3.69675234e-02 9.56400156e-01]
 [1.48680899e-02 9.72457290e-01]
 [1.55791799e-02 9.79136467e-01]
 [3.16709764e-02 9.47410345e-01]
 [1.42930951e-02 9.78600323e-01]
 [2.03234353e-03 9.64897752e-01]
 [4.90566157e-03 9.87255692e-01]
 [9.68266744e-03 9.79947805e-01]
 [2.95431744e-02 9.59038734e-01]
 [1.32891797e-02 9.80037451e-01]
 [2.10314412e-02 9.72217441e-01]
 [2.47148629e-02 9.65892792e-01]
 [1.30482959e-02 9.77414727e-01]
 [2.73733027e-02 9.46249425e-01]
 [1.75816193e-02 9.64748204e-01]
 [1.17649687e-02 9.79258597e-01]
 [1.93374604e-02 9.66437161e-01]
 [3.67044732e-02 9.63519037e-01]
 [3.01434509e-02 9.65694666e-01]
 [1.27424458e-02 9.80898201e-01]
 [1.60121750e-02 9.76864934e-01]
 [1.64389219e-02 9.78170574e-01]
 [1.30629372e-02 9.78225350e-01]
 [2.20199246e-02 9.70855415e-01]
 [1.25699611e-02 9.82430339e-01]
 [1.19491909e-02 9.81939852e-01]
 [2.07792781e-02 9.69540834e-01]
 [1.88763719e-02 9.70320642e-01]
 [3.30046229e-02 9.62702811e-01]
 [1.59548763e-02 9.74239469e-01]
 [1.59201995e-02 9.78564262e-01]
 [2.23709475e-02 9.62720037e-01]
 [2.78481916e-02 9.66857672e-01]
 [1.59859229e-02 9.74161029e-01]
 [1.85377318e-02 9.64474082e-01]
 [2.33419538e-02 9.66003597e-01]
 [1.68561246e-02 9.77584064e-01]
 [1.08592035e-02 9.81180310e-01]
 [2.46654637e-03 9.39338863e-01]
 [1.82548929e-02 9.71720576e-01]
 [1.57289896e-02 9.80122864e-01]
 [3.19508910e-02 9.50270951e-01]
 [3.55373509e-02 9.57835436e-01]
 [2.43634842e-02 9.63194013e-01]
 [3.39769409e-03 9.57220197e-01]
 [2.73395646e-02 9.60170925e-01]
 [1.80377178e-02 9.75760698e-01]
 [2.12043226e-02 9.72352862e-01]
 [3.06649022e-02 9.48193789e-01]
 [2.09726747e-02 9.70804274e-01]
 [1.81920994e-02 9.76385117e-01]
 [1.62033588e-02 9.74847555e-01]
 [4.31361655e-03 9.67156410e-01]
 [2.49485169e-02 9.66787696e-01]
 [1.18954852e-02 9.77430642e-01]
 [1.83075015e-02 9.83107209e-01]
 [8.95307679e-03 9.83834267e-01]
 [2.54535303e-02 9.56418931e-01]
 [1.13367764e-02 9.78163064e-01]
 [1.65361781e-02 9.75185931e-01]
 [1.22144185e-02 9.76324201e-01]
 [9.97917354e-03 9.82884884e-01]
 [1.13683697e-02 9.77424741e-01]
 [1.15392618e-02 9.80059087e-01]
 [4.69062990e-03 9.72337782e-01]
 [2.23754011e-02 9.66331959e-01]
 [6.90597808e-04 9.73535955e-01]
 [1.58514380e-02 9.75588441e-01]
 [1.64578762e-02 9.74947035e-01]
 [3.13341171e-02 9.48308587e-01]
 [1.61576923e-02 9.75446880e-01]
 [3.64619754e-02 9.64221537e-01]
 [8.08496866e-03 9.85549510e-01]
 [2.65697408e-02 9.58221257e-01]
 [2.34709959e-02 9.46936667e-01]
 [4.76849684e-03 9.84741390e-01]
 [5.61662950e-03 9.84821975e-01]
 [3.53853814e-02 9.58622873e-01]
 [3.28359120e-02 9.60174203e-01]
 [2.59170309e-02 9.54519033e-01]
 [1.01961792e-02 9.80812430e-01]
 [2.86943349e-03 9.62404251e-01]
 [2.96066441e-02 9.64835763e-01]
 [2.43764501e-02 9.69531000e-01]
 [2.61251982e-02 9.66079891e-01]
 [3.53527106e-02 9.61220860e-01]
 [1.55469757e-02 9.78042185e-01]
 [8.37224629e-03 9.52881694e-01]
 [2.31857933e-02 9.63438272e-01]
 [2.18982045e-02 9.69017267e-01]
 [1.52132902e-02 9.78973687e-01]
 [1.21767577e-02 9.78766024e-01]
 [1.00218235e-02 9.84095156e-01]
 [2.57537495e-02 9.58182812e-01]
 [1.43360393e-02 9.76314008e-01]
 [9.26120393e-03 9.80531752e-01]
 [1.08457366e-02 9.80836630e-01]
 [2.28887089e-02 9.69254315e-01]
 [2.76874676e-02 9.66248035e-01]
 [5.43588912e-03 9.51683879e-01]
 [2.23813634e-02 9.68936801e-01]
 [2.24810317e-02 9.67963278e-01]
 [9.39605571e-03 9.82444108e-01]
 [1.92698613e-02 9.66452122e-01]
 [1.41300242e-02 9.74721730e-01]
 [8.64817947e-03 9.83871222e-01]
 [1.21403858e-02 9.81526792e-01]
 [2.38064378e-02 9.64648545e-01]
 [1.81532558e-02 9.73106921e-01]
 [3.27833486e-03 9.69591141e-01]
 [1.95200928e-02 9.75627840e-01]
 [1.94540229e-02 9.76466537e-01]
 [2.97342353e-02 9.60939765e-01]
 [1.47939119e-02 9.75260556e-01]
 [1.35223819e-02 9.79106545e-01]
 [2.55566295e-02 9.65691090e-01]
 [1.47407129e-02 9.76384819e-01]
 [2.20793169e-02 9.67543721e-01]
 [5.44634787e-03 9.65273857e-01]
 [1.55339111e-02 9.76627946e-01]
 [1.72587279e-02 9.74414885e-01]
 [1.58083141e-02 9.73751843e-01]
 [1.77000407e-02 9.66800928e-01]
 [7.28033204e-03 9.76890802e-01]
 [1.61616132e-02 9.77508008e-01]
 [1.27369938e-02 9.76217628e-01]
 [1.69036333e-02 9.76987720e-01]
 [2.62490716e-02 9.63262022e-01]
 [1.67388953e-02 9.67018366e-01]
 [2.72798985e-02 9.71286714e-01]
 [2.82560792e-02 9.48621511e-01]
 [4.29690816e-02 9.42661405e-01]
 [1.85586233e-02 9.74323511e-01]
 [1.80118699e-02 9.73953366e-01]
 [1.67214498e-02 9.70218360e-01]
 [2.74137910e-02 9.53870058e-01]
 [1.36617823e-02 9.77287412e-01]
 [2.18583178e-02 9.70933735e-01]
 [4.33123671e-03 9.43885505e-01]
 [1.05822990e-02 9.77855623e-01]
 [2.17439048e-02 9.73049462e-01]
 [1.81277432e-02 9.77206588e-01]
 [4.13058139e-03 9.58920181e-01]
 [2.06953138e-02 9.72358882e-01]
 [2.31584646e-02 9.71680045e-01]
 [4.23002467e-02 9.53440487e-01]
 [1.17100440e-02 9.83575106e-01]
 [8.37303884e-03 9.86696303e-01]
 [2.79357154e-02 9.62946713e-01]
 [1.09196436e-02 9.82395232e-01]
 [9.07987077e-03 9.65503037e-01]
 [1.99617613e-02 9.72778678e-01]
 [1.43357366e-02 9.81493354e-01]
 [1.47781987e-02 9.77692664e-01]
 [3.35965026e-03 9.69623685e-01]
 [1.84381381e-02 9.63457763e-01]
 [1.16663137e-02 9.79532301e-01]
 [2.60641091e-02 9.63351667e-01]
 [2.07037125e-02 9.70669210e-01]
 [2.14946438e-02 9.45999265e-01]
 [1.28722871e-02 9.81877804e-01]
 [2.51643406e-03 9.64931190e-01]
 [1.64974649e-02 9.69461083e-01]
 [2.48718429e-02 9.70479369e-01]
 [1.25407157e-02 9.75620091e-01]
 [8.69186781e-03 9.83285367e-01]
 [2.16360260e-02 9.67093885e-01]
 [1.06267715e-02 9.78422403e-01]
 [1.27114765e-02 9.77836251e-01]
 [2.29211822e-02 9.72290099e-01]
 [1.95101481e-02 9.65269148e-01]
 [1.17511610e-02 9.75353062e-01]
 [2.42266096e-02 9.69977856e-01]
 [1.36238476e-02 9.76656497e-01]
 [6.45771157e-03 9.67239976e-01]
 [1.50974607e-02 9.78577852e-01]
 [1.54129853e-02 9.73071396e-01]
 [2.11304631e-02 9.66796637e-01]
 [4.06497344e-02 9.52921808e-01]
 [3.07033248e-02 9.60236311e-01]
 [1.57090090e-02 9.75020885e-01]
 [1.87145285e-02 9.74123061e-01]
 [2.77826004e-02 9.64326739e-01]
 [1.21459346e-02 9.76490617e-01]
 [1.04795080e-02 9.82037306e-01]
 [2.07488565e-03 9.65168118e-01]
 [2.53212713e-02 9.40987051e-01]
 [1.92744727e-03 9.79502916e-01]
 [1.91980749e-02 9.76521850e-01]
 [2.26693526e-02 9.57371294e-01]
 [1.89714022e-02 9.74416792e-01]
 [6.43455004e-03 9.60339427e-01]
 [1.39440820e-02 9.78670537e-01]
 [1.49511937e-02 9.72166836e-01]
 [1.19409403e-02 9.78255212e-01]
 [2.85119414e-02 9.41609085e-01]
 [1.21976081e-02 9.77912068e-01]
 [1.59990247e-02 9.75074172e-01]
 [4.31909040e-03 9.66958404e-01]
 [2.86288708e-02 9.63073373e-01]
 [3.58498618e-02 9.60339189e-01]
 [1.11151561e-02 9.81135786e-01]
 [3.84160206e-02 9.52741623e-01]
 [1.19722104e-02 9.75925744e-01]
 [1.50957862e-02 9.73897517e-01]
 [2.11662557e-02 9.72984612e-01]
 [1.30529646e-02 9.78281677e-01]
 [4.12912387e-03 9.74943519e-01]
 [2.36402191e-02 9.67588246e-01]
 [1.10801198e-02 9.80248034e-01]]
[2022-11-15  23:27:32.831] -> [INFO] : 
 [0.87315, 0.0]  avg_auc: 0.436575 

[2022-11-15  23:27:33.415] -> [INFO] : accuracy = 50.1 [95% CI: 49.6-50.6]
[2022-11-15  23:27:33.426] -> [INFO] : recall = 0.0 [95% CI: nan-nan]
[2022-11-15  23:27:33.428] -> [INFO] : specificity = 100.0 [95% CI: nan-nan]
